0 10 2 9 13 10 15 8 5 20 7 3
1 17 15 14 13 9 17 18 12 4 6 0 2 11 10 1 7 5 3
2 8 6 16 11 8 17 7 4 12
3 3 4 5 1
4 19 20 12 2 17 14 0 9 13 5 18 7 11 15 16 1 6 19 8 3
5 9 11 12 5 13 9 3 8 4 19
6 17 5 10 2 7 8 11 19 3 0 15 16 1 12 6 18 9 17
7 9 6 9 17 4 5 10 3 0 20
8 17 6 15 7 0 13 18 4 3 14 11 5 1 16 2 9 20 19
9 9 9 19 18 3 11 1 6 13 12
10 3 15 12 6
11 13 4 17 5 11 0 6 13 14 20 16 3 18 9
12 1 15
13 11 16 20 0 9 4 3 18 7 19 2 15
14 5 10 6 13 8 4
15 15 15 7 18 10 2 20 4 8 16 17 5 13 3 11 1
16 5 7 6 16 4 8
17 7 11 9 17 5 6 8 3
18 3 1 13 10
19 9 0 19 13 20 6 3 5 8 9
20 14 16 8 9 14 10 2 6 12 7 19 20 15 0 3
